3
7
4
3
6
12
11
16

0
1
3
3
5
6
16
22

0
1
1
2
5
4
12
43

0
1
3
5
5
5
18
33

0
0
1
2
1
2
10
14

0
1
1
1
2
2
10
17

0
2
2
2
3
2
15
26

22
15
30
18
15
27
175
66
75
237
484
527
1002

47
67
43
19
25
35
58
64
79
217
388
515
721

1
2
2
3
4
17
41
44
63
191
315
439
669

3
14
13
10
11
40
47
84
479
319
579
766
1047

8
7
32
30
18
24
59
48
60
174
255
672
1767

0
1
9
8
13
27
53
59
84
248
524
594
3898

8
14
11
16
16
29
43
99
87
234
424
729
1053

18
18
18
28
23
239
85
135
135
371
757
1060
1367

13
18
27
18
26
43
199
70
263
334
496
607
813

20
23
47
14
14
27
38
58
70
215
327
427
592

27
43
38
44
48
61
92
105
136
310
499
691
1139

30
37
71
33
31
87
152
80
134
339
525
678
937

12
15
14
16
18
36
52
62
96
275
476

29
15
13
21
19
44
65
190
114
412
541

30
19
34
11
14
31
48
75
85
243
392
779
734

33
14
24
14
141
36
66
92
103
272
480
648
958

15
17
19
23
24
52
79
81
121
290
505

23
12
34
16
24
29
159
86
87
214
351

22
12
35
15
17
26
38
50
66
200
483

10
17
12
13
18
30
41
81
91
265
385

129
130
243
106
110
277
147
157
195
423
880
1060
1542

225
109
110
102
111
329
197
174
205
956
861
865
4925