10
13
12
18
24
28
78
129

2
6
10
16
20
21
69
124

2
6
10
15
19
21
70
122

3
8
14
21
28
30
99
174

2
6
10
14
19
21
69
120

2
6
10
14
18
21
67
117

2
6
11
15
19
22
71
122

24
28
25
36
43
166
164
248
369
1341
2490
3575
5645

2
4
7
10
16
59
116
175
281
1115
2127
3166
4945

2
7
13
460
29
99
180
254
412
1345
2390
3455
5386

0
1
4
7
10
34
60
88
130
444
825
1376
2295

3
9
15
22
84
97
191
244
409
1309
2630
3860
6005

1
2
4
6
9
31
55
79
120
427
747
1412
2189

3
8
14
23
32
121
216
342
515
1669
3020
4654
6745

1
3
7
10
15
58
103
154
231
842
2006
2449
3910

7
16
25
22
34
100
196
245
304
1159
2357
3159
4629

447
875
167
170
229
1037
240
242
972
219
894
1376
2531

2
7
12
18
27
90
190
276
423
1445
2557
3585
5843

1
4
7
10
15
57
110
168
274
1119
2058
3518
6007

2
7
89
19
27
103
194
241
413
1717
2587

1
4
7
10
14
59
113
177
292
1136
2115

2
7
12
18
27
563
182
271
557
1573
2774
3945
5790

1
4
7
10
16
64
121
185
301
1169
2175
3836
5838

2
78
15
19
28
97
211
250
408
1723
2870

1
4
7
11
15
59
118
181
294
1149
2159

2
8
13
19
28
93
169
700
830
1730
2718

1
4
7
11
16
60
124
181
287
1168
2167

17
8
14
21
30
101
205
318
518
2218
2981
4373
6666

4
8
13
11
18
70
133
216
326
1270
2878
4139
6541

