23
28
34
37
40
46
165
245

1
4
19
21
26
25
93
138

3
7
14
21
27
31
135
247

2
11
20
30
35
45
145
217

3
7
11
19
20
23
113
178

2
11
18
25
30
32
137
201

4
8
15
20
27
30
123
201

17
20
24
26
35
153
247
308
462
1562
2993
4868
7079

3
7
7
11
16
72
142
229
373
1377
3545
5648
10890

1
5
15
27
67
165
332
665
1019
3263
5613
7413
10858

1
6
16
18
34
66
99
157
197
791
1102
2100
2517

3
10
23
43
69
261
622
912
1350
3770
7260
9394
14462

1
3
11
16
16
44
95
151
201
877
1321
1784
3373

16
31
37
47
62
235
439
724
1522
3314
6272
8023
13717

3
4
8
15
26
73
130
193
759
1559
2719
4102
5001

15
39
48
16
47
142
266
313
445
1801
3498
4662
7542

220
267
205
412
410
421
409
354
441
549
1475
2676
5040

0
29
32
32
78
189
267
360
519
1992
3724
5898
6978

2
8
10
14
22
79
139
239
503
1947
3312
6503
11724

3
9
17
24
35
184
365
481
737
2543
4823

2
5
11
17
36
105
194
299
497
1686
4394

17
38
50
51
70
124
247
279
396
1559
3895
5141
7589

1
2
15
17
31
141
233
314
613
2257
4518
7817
12791

16
31
32
47
48
204
360
596
627
2479
4551

0
7
10
16
31
127
188
299
518
1931
3956

2
6
16
19
26
152
267
439
619
2290
4915

2
6
11
15
21
122
188
299
511
2103
4179

15
24
29
31
39
144
253
348
470
1773
3826
4409
8058

0
7
15
16
32
94
237
477
630
2597
3687
7145
11235
