187 
1605 
3898 
7592 
11850 
13157 
160045 
383704 

205 
1732 
4805 
9711 
15355 
16836 
151199 
427824 

314 
2416 
4602 
7577 
11713 
13117 
274131 
538650 


235 
2192 
5881 
10945 
17027 
19356 
310057 
881005 

165 
1437 
3627 
7097 
11580 
12633 
140698 
343813 


178 
1428 
5213 
8169 
12419 
15597 
153965 
526632 

184 
1523 
5872 
8985 
13587 
17758 
172192 
579569 

56 
374 
1302 
2412 
6465 
59107 
173036 
376851 
690117 
-
-
-
-

200 
1682 
4964 
9599 
19240 
176060 
1292434 
-
-
-
-
-
-

40 
391 
3487 
4992 
20269 
381521 
1037849 
1469850 
3683989 
-
-
-
-

170 
1893 
5709 
10523 
24102 
904057 
1753390 
-
-
-
-
-
-

157 
1428 
6030 
7914 
23936 
264859 
741917 
1700645 
-
-
-
-
-

302 
2703 
7325 
13885 
28600 
440403 
1346871 
-
-
-
-
-
-

79 
1016 
3131 
6568 
12434 
183890 
565831 
1110849 
2829944 
-
-
-
-

231 
2625 
6421 
13209 
37925 
749184 
2388899 
-
-
-
-
-
-

53 
359 
3431 
2036 
17498 
111457 
307826 
519008 
991331 
-
-
-
-

219 
1762 
5053 
9405 
18597 
170413 
547568 
1233326 
2788223 
-
-
-
-

45 
445 
1472 
2641 
6667 
56735 
174318 
342198 
743791 
-
-
-
-

142 
1236 
3643 
7192 
14773 
144895 
474420 
-
-
-
-
-
-

47 
425 
1494 
2819 
6470 
70688 
182034 
344092 
676485 
-
-


192 
1681 
4894 
9223 
19387 
184806 
570455 
-
-
-
-

63 
436 
1238 
2468 
5222 
55095 
167734 
439923 
1394980 
-
-
-
-

152 
1449 
4127 
8176 
16952 
273207 
1160627 
2780859 
-
-
-
-
-

58 
490 
1491 
3000 
6234 
72104 
372547 
1000134 
2501494 
-
-


145 
1403 
3968 
7903 
16263 
193953 
853022 
2021244 
4842879 
-
-

41 
489 
1460 
2932 
6138 
67589 
359726 
989432 
2513010 
-
-

136 
1404 
3997 
7972 
16322 
188774 
863267 
2037907 
-
-
-




209 
1252 
2741 
6606 
7904 
77717 
365564 
1363518 
4212621 
-
-
-
-

157 
1495 
4333 
8838 
17599 
323119 
1615395 
3417386 
5225032 
-
-
-
-
-


